*Heading
 D:\Openfoam_simulations\FSI_simulations\Mechanica-Paper\Perpendicular-flap-case\solid-mesh\50x4\flap
*NODE
1, 0.05, 0, 0
2, 0.05, 1, 0
3, -0.05, 1, 0
4, -0.05, 0, 0
5, 0.025, 0, 0
6, -3.4694469519536e-17, 0, 0
7, -0.025, 0, 0
8, -0.05, 0.98, 0
9, -0.05, 0.96, 0
10, -0.05, 0.94, 0
11, -0.05, 0.92, 0
12, -0.05, 0.9, 0
13, -0.05, 0.88, 0
14, -0.05, 0.86, 0
15, -0.05, 0.84, 0
16, -0.05, 0.82, 0
17, -0.05, 0.8, 0
18, -0.05, 0.78, 0
19, -0.05, 0.76, 0
20, -0.05, 0.74, 0
21, -0.05, 0.72, 0
22, -0.05, 0.7, 0
23, -0.05, 0.68, 0
24, -0.05, 0.66, 0
25, -0.05, 0.64, 0
26, -0.05, 0.62, 0
27, -0.05, 0.6, 0
28, -0.05, 0.58, 0
29, -0.05, 0.56, 0
30, -0.05, 0.54, 0
31, -0.05, 0.52, 0
32, -0.05, 0.5, 0
33, -0.05, 0.48, 0
34, -0.05, 0.46, 0
35, -0.05, 0.44, 0
36, -0.05, 0.42, 0
37, -0.05, 0.4, 0
38, -0.05, 0.38, 0
39, -0.05, 0.36, 0
40, -0.05, 0.34, 0
41, -0.05, 0.32, 0
42, -0.05, 0.3, 0
43, -0.05, 0.28, 0
44, -0.05, 0.26, 0
45, -0.05, 0.24, 0
46, -0.05, 0.22, 0
47, -0.05, 0.2, 0
48, -0.05, 0.18, 0
49, -0.05, 0.16, 0
50, -0.05, 0.14, 0
51, -0.05, 0.12, 0
52, -0.05, 0.1, 0
53, -0.05, 0.08, 0
54, -0.05, 0.06, 0
55, -0.05, 0.04, 0
56, -0.05, 0.02, 0
57, 0.025, 1, 0
58, -3.4694469519536e-17, 1, 0
59, -0.025, 1, 0
60, 0.05, 0.98, 0
61, 0.05, 0.96, 0
62, 0.05, 0.94, 0
63, 0.05, 0.92, 0
64, 0.05, 0.9, 0
65, 0.05, 0.88, 0
66, 0.05, 0.86, 0
67, 0.05, 0.84, 0
68, 0.05, 0.82, 0
69, 0.05, 0.8, 0
70, 0.05, 0.78, 0
71, 0.05, 0.76, 0
72, 0.05, 0.74, 0
73, 0.05, 0.72, 0
74, 0.05, 0.7, 0
75, 0.05, 0.68, 0
76, 0.05, 0.66, 0
77, 0.05, 0.64, 0
78, 0.05, 0.62, 0
79, 0.05, 0.6, 0
80, 0.05, 0.58, 0
81, 0.05, 0.56, 0
82, 0.05, 0.54, 0
83, 0.05, 0.52, 0
84, 0.05, 0.5, 0
85, 0.05, 0.48, 0
86, 0.05, 0.46, 0
87, 0.05, 0.44, 0
88, 0.05, 0.42, 0
89, 0.05, 0.4, 0
90, 0.05, 0.38, 0
91, 0.05, 0.36, 0
92, 0.05, 0.34, 0
93, 0.05, 0.32, 0
94, 0.05, 0.3, 0
95, 0.05, 0.28, 0
96, 0.05, 0.26, 0
97, 0.05, 0.24, 0
98, 0.05, 0.22, 0
99, 0.05, 0.2, 0
100, 0.05, 0.18, 0
101, 0.05, 0.16, 0
102, 0.05, 0.14, 0
103, 0.05, 0.12, 0
104, 0.05, 0.1, 0
105, 0.05, 0.08, 0
106, 0.05, 0.06, 0
107, 0.05, 0.04, 0
108, 0.05, 0.02, 0
109, -0.025, 0.98, 0
110, -3.4694469519536e-17, 0.98, 0
111, 0.025, 0.98, 0
112, -0.025, 0.96, 0
113, -3.4694469519536e-17, 0.96, 0
114, 0.025, 0.96, 0
115, -0.025, 0.94, 0
116, -3.4694469519536e-17, 0.94, 0
117, 0.025, 0.94, 0
118, -0.025, 0.92, 0
119, -3.1225022567583e-17, 0.92, 0
120, 0.025, 0.92, 0
121, -0.025, 0.9, 0
122, -3.816391647149e-17, 0.9, 0
123, 0.025, 0.9, 0
124, -0.025, 0.88, 0
125, -3.816391647149e-17, 0.88, 0
126, 0.025, 0.88, 0
127, -0.025, 0.86, 0
128, -3.816391647149e-17, 0.86, 0
129, 0.025, 0.86, 0
130, -0.025, 0.84, 0
131, -3.816391647149e-17, 0.84, 0
132, 0.025, 0.84, 0
133, -0.025, 0.82, 0
134, -3.816391647149e-17, 0.82, 0
135, 0.025, 0.82, 0
136, -0.025, 0.8, 0
137, -3.4694469519536e-17, 0.8, 0
138, 0.025, 0.8, 0
139, -0.025, 0.78, 0
140, -3.4694469519536e-17, 0.78, 0
141, 0.025, 0.78, 0
142, -0.025, 0.76, 0
143, -3.1225022567583e-17, 0.76, 0
144, 0.025, 0.76, 0
145, -0.025, 0.74, 0
146, -3.4694469519536e-17, 0.74, 0
147, 0.025, 0.74, 0
148, -0.025, 0.72, 0
149, -3.4694469519536e-17, 0.72, 0
150, 0.025, 0.72, 0
151, -0.025, 0.7, 0
152, -3.4694469519536e-17, 0.7, 0
153, 0.025, 0.7, 0
154, -0.025, 0.68, 0
155, -3.4694469519536e-17, 0.68, 0
156, 0.025, 0.68, 0
157, -0.025, 0.66, 0
158, -3.4694469519536e-17, 0.66, 0
159, 0.025, 0.66, 0
160, -0.025, 0.64, 0
161, -3.816391647149e-17, 0.64, 0
162, 0.025, 0.64, 0
163, -0.025, 0.62, 0
164, -3.1225022567583e-17, 0.62, 0
165, 0.025, 0.62, 0
166, -0.025, 0.6, 0
167, -3.1225022567583e-17, 0.6, 0
168, 0.025, 0.6, 0
169, -0.025, 0.58, 0
170, -3.9898639947467e-17, 0.58, 0
171, 0.025, 0.58, 0
172, -0.025, 0.56, 0
173, -3.9898639947467e-17, 0.56, 0
174, 0.025, 0.56, 0
175, -0.025, 0.54, 0
176, -3.4694469519536e-17, 0.54, 0
177, 0.025, 0.54, 0
178, -0.025, 0.52, 0
179, -3.4694469519536e-17, 0.52, 0
180, 0.025, 0.52, 0
181, -0.025, 0.5, 0
182, -3.4694469519536e-17, 0.5, 0
183, 0.025, 0.5, 0
184, -0.025, 0.48, 0
185, -3.4694469519536e-17, 0.48, 0
186, 0.025, 0.48, 0
187, -0.025, 0.46, 0
188, -3.4694469519536e-17, 0.46, 0
189, 0.025, 0.46, 0
190, -0.025, 0.44, 0
191, -3.9898639947467e-17, 0.44, 0
192, 0.025, 0.44, 0
193, -0.025, 0.42, 0
194, -4.1633363423443e-17, 0.42, 0
195, 0.025, 0.42, 0
196, -0.025, 0.4, 0
197, -3.1225022567583e-17, 0.4, 0
198, 0.025, 0.4, 0
199, -0.025, 0.38, 0
200, -3.1225022567583e-17, 0.38, 0
201, 0.025, 0.38, 0
202, -0.025, 0.36, 0
203, -3.816391647149e-17, 0.36, 0
204, 0.025, 0.36, 0
205, -0.025, 0.34, 0
206, -3.816391647149e-17, 0.34, 0
207, 0.025, 0.34, 0
208, -0.025, 0.32, 0
209, -3.816391647149e-17, 0.32, 0
210, 0.025, 0.32, 0
211, -0.025, 0.3, 0
212, -3.816391647149e-17, 0.3, 0
213, 0.025, 0.3, 0
214, -0.025, 0.28, 0
215, -3.5561831257525e-17, 0.28, 0
216, 0.025, 0.28, 0
217, -0.025, 0.26, 0
218, -3.5561831257525e-17, 0.26, 0
219, 0.025, 0.26, 0
220, -0.025, 0.24, 0
221, -3.2092384305571e-17, 0.24, 0
222, 0.025, 0.24, 0
223, -0.025, 0.22, 0
224, -3.2959746043559e-17, 0.22, 0
225, 0.025, 0.22, 0
226, -0.025, 0.2, 0
227, -3.2959746043559e-17, 0.2, 0
228, 0.025, 0.2, 0
229, -0.025, 0.18, 0
230, -3.7296554733501e-17, 0.18, 0
231, 0.025, 0.18, 0
232, -0.025, 0.16, 0
233, -3.6429192995513e-17, 0.16, 0
234, 0.025, 0.16, 0
235, -0.025, 0.14, 0
236, -3.6862873864507e-17, 0.14, 0
237, 0.025, 0.14, 0
238, -0.025, 0.12, 0
239, -3.6862873864507e-17, 0.12, 0
240, 0.025, 0.12, 0
241, -0.025, 0.1, 0
242, -3.7296554733501e-17, 0.1, 0
243, 0.025, 0.1, 0
244, -0.025, 0.08, 0
245, -3.0791341698588e-17, 0.08, 0
246, 0.025, 0.08, 0
247, -0.025, 0.06, 0
248, -3.1008182133085e-17, 0.06, 0
249, 0.025, 0.06, 0
250, -0.025, 0.04, 0
251, -3.4043948216045e-17, 0.04, 0
252, 0.025, 0.04, 0
253, -0.025, 0.02, 0
254, -3.436920886779e-17, 0.02, 0
255, 0.025, 0.02, 0
******* E L E M E N T S *************

*ELEMENT, type=CPS4, ELSET=Surface1
113, 3, 8, 109, 59
114, 59, 109, 110, 58
115, 58, 110, 111, 57
116, 57, 111, 60, 2
117, 8, 9, 112, 109
118, 109, 112, 113, 110
119, 110, 113, 114, 111
120, 111, 114, 61, 60
121, 9, 10, 115, 112
122, 112, 115, 116, 113
123, 113, 116, 117, 114
124, 114, 117, 62, 61
125, 10, 11, 118, 115
126, 115, 118, 119, 116
127, 116, 119, 120, 117
128, 117, 120, 63, 62
129, 11, 12, 121, 118
130, 118, 121, 122, 119
131, 119, 122, 123, 120
132, 120, 123, 64, 63
133, 12, 13, 124, 121
134, 121, 124, 125, 122
135, 122, 125, 126, 123
136, 123, 126, 65, 64
137, 13, 14, 127, 124
138, 124, 127, 128, 125
139, 125, 128, 129, 126
140, 126, 129, 66, 65
141, 14, 15, 130, 127
142, 127, 130, 131, 128
143, 128, 131, 132, 129
144, 129, 132, 67, 66
145, 15, 16, 133, 130
146, 130, 133, 134, 131
147, 131, 134, 135, 132
148, 132, 135, 68, 67
149, 16, 17, 136, 133
150, 133, 136, 137, 134
151, 134, 137, 138, 135
152, 135, 138, 69, 68
153, 17, 18, 139, 136
154, 136, 139, 140, 137
155, 137, 140, 141, 138
156, 138, 141, 70, 69
157, 18, 19, 142, 139
158, 139, 142, 143, 140
159, 140, 143, 144, 141
160, 141, 144, 71, 70
161, 19, 20, 145, 142
162, 142, 145, 146, 143
163, 143, 146, 147, 144
164, 144, 147, 72, 71
165, 20, 21, 148, 145
166, 145, 148, 149, 146
167, 146, 149, 150, 147
168, 147, 150, 73, 72
169, 21, 22, 151, 148
170, 148, 151, 152, 149
171, 149, 152, 153, 150
172, 150, 153, 74, 73
173, 22, 23, 154, 151
174, 151, 154, 155, 152
175, 152, 155, 156, 153
176, 153, 156, 75, 74
177, 23, 24, 157, 154
178, 154, 157, 158, 155
179, 155, 158, 159, 156
180, 156, 159, 76, 75
181, 24, 25, 160, 157
182, 157, 160, 161, 158
183, 158, 161, 162, 159
184, 159, 162, 77, 76
185, 25, 26, 163, 160
186, 160, 163, 164, 161
187, 161, 164, 165, 162
188, 162, 165, 78, 77
189, 26, 27, 166, 163
190, 163, 166, 167, 164
191, 164, 167, 168, 165
192, 165, 168, 79, 78
193, 27, 28, 169, 166
194, 166, 169, 170, 167
195, 167, 170, 171, 168
196, 168, 171, 80, 79
197, 28, 29, 172, 169
198, 169, 172, 173, 170
199, 170, 173, 174, 171
200, 171, 174, 81, 80
201, 29, 30, 175, 172
202, 172, 175, 176, 173
203, 173, 176, 177, 174
204, 174, 177, 82, 81
205, 30, 31, 178, 175
206, 175, 178, 179, 176
207, 176, 179, 180, 177
208, 177, 180, 83, 82
209, 31, 32, 181, 178
210, 178, 181, 182, 179
211, 179, 182, 183, 180
212, 180, 183, 84, 83
213, 32, 33, 184, 181
214, 181, 184, 185, 182
215, 182, 185, 186, 183
216, 183, 186, 85, 84
217, 33, 34, 187, 184
218, 184, 187, 188, 185
219, 185, 188, 189, 186
220, 186, 189, 86, 85
221, 34, 35, 190, 187
222, 187, 190, 191, 188
223, 188, 191, 192, 189
224, 189, 192, 87, 86
225, 35, 36, 193, 190
226, 190, 193, 194, 191
227, 191, 194, 195, 192
228, 192, 195, 88, 87
229, 36, 37, 196, 193
230, 193, 196, 197, 194
231, 194, 197, 198, 195
232, 195, 198, 89, 88
233, 37, 38, 199, 196
234, 196, 199, 200, 197
235, 197, 200, 201, 198
236, 198, 201, 90, 89
237, 38, 39, 202, 199
238, 199, 202, 203, 200
239, 200, 203, 204, 201
240, 201, 204, 91, 90
241, 39, 40, 205, 202
242, 202, 205, 206, 203
243, 203, 206, 207, 204
244, 204, 207, 92, 91
245, 40, 41, 208, 205
246, 205, 208, 209, 206
247, 206, 209, 210, 207
248, 207, 210, 93, 92
249, 41, 42, 211, 208
250, 208, 211, 212, 209
251, 209, 212, 213, 210
252, 210, 213, 94, 93
253, 42, 43, 214, 211
254, 211, 214, 215, 212
255, 212, 215, 216, 213
256, 213, 216, 95, 94
257, 43, 44, 217, 214
258, 214, 217, 218, 215
259, 215, 218, 219, 216
260, 216, 219, 96, 95
261, 44, 45, 220, 217
262, 217, 220, 221, 218
263, 218, 221, 222, 219
264, 219, 222, 97, 96
265, 45, 46, 223, 220
266, 220, 223, 224, 221
267, 221, 224, 225, 222
268, 222, 225, 98, 97
269, 46, 47, 226, 223
270, 223, 226, 227, 224
271, 224, 227, 228, 225
272, 225, 228, 99, 98
273, 47, 48, 229, 226
274, 226, 229, 230, 227
275, 227, 230, 231, 228
276, 228, 231, 100, 99
277, 48, 49, 232, 229
278, 229, 232, 233, 230
279, 230, 233, 234, 231
280, 231, 234, 101, 100
281, 49, 50, 235, 232
282, 232, 235, 236, 233
283, 233, 236, 237, 234
284, 234, 237, 102, 101
285, 50, 51, 238, 235
286, 235, 238, 239, 236
287, 236, 239, 240, 237
288, 237, 240, 103, 102
289, 51, 52, 241, 238
290, 238, 241, 242, 239
291, 239, 242, 243, 240
292, 240, 243, 104, 103
293, 52, 53, 244, 241
294, 241, 244, 245, 242
295, 242, 245, 246, 243
296, 243, 246, 105, 104
297, 53, 54, 247, 244
298, 244, 247, 248, 245
299, 245, 248, 249, 246
300, 246, 249, 106, 105
301, 54, 55, 250, 247
302, 247, 250, 251, 248
303, 248, 251, 252, 249
304, 249, 252, 107, 106
305, 55, 56, 253, 250
306, 250, 253, 254, 251
307, 251, 254, 255, 252
308, 252, 255, 108, 107
309, 56, 4, 7, 253
310, 253, 7, 6, 254
311, 254, 6, 5, 255
312, 255, 5, 1, 108
*ELSET,ELSET=fix
5, 6, 7, 8, 
*ELSET,ELSET=interface
9, 10, 11, 12, 13, 14, 15, 16, 17, 18, 
19, 20, 21, 22, 23, 24, 25, 26, 27, 28, 
29, 30, 31, 32, 33, 34, 35, 36, 37, 38, 
39, 40, 41, 42, 43, 44, 45, 46, 47, 48, 
49, 50, 51, 52, 53, 54, 55, 56, 57, 58, 
59, 60, 61, 62, 63, 64, 65, 66, 67, 68, 
69, 70, 71, 72, 73, 74, 75, 76, 77, 78, 
79, 80, 81, 82, 83, 84, 85, 86, 87, 88, 
89, 90, 91, 92, 93, 94, 95, 96, 97, 98, 
99, 100, 101, 102, 103, 104, 105, 106, 107, 108, 
109, 110, 111, 112, 
*NSET,NSET=fix
1, 4, 5, 6, 7, 
*NSET,NSET=interface
1, 2, 3, 4, 8, 9, 10, 11, 12, 13, 
14, 15, 16, 17, 18, 19, 20, 21, 22, 23, 
24, 25, 26, 27, 28, 29, 30, 31, 32, 33, 
34, 35, 36, 37, 38, 39, 40, 41, 42, 43, 
44, 45, 46, 47, 48, 49, 50, 51, 52, 53, 
54, 55, 56, 57, 58, 59, 60, 61, 62, 63, 
64, 65, 66, 67, 68, 69, 70, 71, 72, 73, 
74, 75, 76, 77, 78, 79, 80, 81, 82, 83, 
84, 85, 86, 87, 88, 89, 90, 91, 92, 93, 
94, 95, 96, 97, 98, 99, 100, 101, 102, 103, 
104, 105, 106, 107, 108, 
